0.22253521126760564
0.16
0.04838709677419355
0.7147540983606557
0.7040816326530612
0.702054794520548
0.6958041958041958
0.6813186813186813
0.6666666666666666
0.3
0.7142857142857143
0.6242424242424243
0.3333333333333333
0.45555555555555555
0.291970802919708
0.7333333333333333
0.38461538461538464
0.8181818181818182
0.4166666666666667
0.323943661971831
0.56
0.1774193548387097
0.9704918032786886
0.9693877551020408
0.9691780821917808
0.9685314685314685
0.967032967032967
0.9651162790697675
0.5
0.7142857142857143
0.9575757575757575
1.0
0.9333333333333333
0.5474452554744526
0.9
0.6923076923076923
0.9545454545454546
0.6666666666666666
0.323943661971831
0.88
0.1774193548387097
0.9704918032786886
0.9693877551020408
0.9691780821917808
0.9685314685314685
0.967032967032967
0.9651162790697675
0.5
0.7142857142857143
0.9575757575757575
1.0
0.9333333333333333
0.5474452554744526
0.9
0.6923076923076923
0.9545454545454546
0.6666666666666666
