-115.203,32.454
-116.655,32.191
-117.482,35.712
-117.485,35.712
-117.869,36.401
-115.175,32.403
-121.05,35.629
-116.877,33.965
-116.877,33.966
-116.876,33.966
-117.835,36.038
-117.834,36.04
-117.836,36.038
-115.605,33.183
-115.606,33.178
-115.608,33.179
-117.843,36.031
-117.838,36.032
-117.84,36.029
-117.848,36.036
-115.374,32.147
-117.844,36.038
-117.023,33.932
-115.377,32.158
-116.361,32.99
-115.647,33.157
-115.406,32.738
-115.402,32.735
-115.112,32.327
-117.525,32.049
-117.463,32.054
-117.481,32.065
-115.629,32.759
-120.344,35.801
-121.364,36.723
-120.477,35.927
-115.695,32.052
-116.013,32.709
-117.18,34.005
-116.008,32.687
-115.7,33.233
-116.591,32.242
-116.589,32.254
-117.866,36.074
-121.336,36.705
-117.192,34.007
-117.191,34.007
-117.189,34.011
-117.188,34.012
-117.184,34.015
-121.111,35.681
-115.257,32.552
-117.888,36.062
-117.883,36.066
-117.877,36.061
-117.882,36.06
-117.879,36.061
-116.067,32.716
-117.879,36.07
-121.171,36.489
-117.873,36.065
-121.538,36.813
-117.881,36.06
-117.883,36.061
-116.359,32.994
-117.882,36.064
-117.891,36.059
-117.873,36.06
-117.877,36.061
-116.685,33.25
-116.689,33.25
-116.065,32.692
-116.358,32.991
-118.082,33.992
-115.306,32.322
-115.294,32.309
-115.299,32.225
-115.552,32.536
-115.549,32.508
-115.217,32.169
-115.255,32.233
-116.736,33.941
-115.19,32.197
-115.194,32.218
-120.714,34.545
-117.516,32.008
-120.507,35.95
-120.418,33.937
-115.301,32.273
-121.483,36.58
-116.463,34.352
-115.229,32.354
-121.397,36.6
-116.598,32.233
-115.3,32.235
-115.293,32.266
-115.3,32.256
-115.301,32.251
-115.294,32.222
-115.295,32.23
-115.295,32.286
-115.632,32.453
-115.743,32.534
-115.678,32.483
-115.621,32.47
-115.611,32.441
-116.265,32.898
-115.048,32.099
-115.497,32.436
-116.482,33.151
-115.766,32.565
-115.742,32.539
-115.374,32.334
-115.662,32.452
-115.333,32.204
-115.26,32.3
-115.291,32.221
-116.059,32.775
-115.762,32.634
-115.603,32.461
-115.689,32.514
-115.219,32.12
-116.494,33.15
-115.79,32.558
-115.829,32.613
-115.293,32.266
-115.656,32.394
-116.384,33.057
-115.368,32.285
-115.761,32.602
-115.752,32.653
-115.598,32.462
-115.781,32.588
-115.626,32.453
-115.364,32.206
-115.026,32.13
-115.373,32.316
-115.261,32.185
-115.795,32.682
-115.744,32.625
-115.363,32.2
-115.064,32.108
-115.737,32.642
-115.593,32.453
-115.768,32.632
-115.784,32.616
-115.236,32.164
-115.715,32.463
-115.754,32.494
-115.748,32.585
-115.772,32.658
-115.883,32.596
-115.844,32.679
-115.687,32.532
-115.137,32.044
-115.738,32.633
-115.722,32.573
-115.771,32.653
-115.169,32.252
-115.75,32.642
-115.752,32.619
-115.645,32.508
-115.764,32.627
-115.585,32.426
-115.337,32.274
-115.652,32.479
-115.008,32.145
-115.774,32.599
-115.475,32.392
-115.747,32.602
-115.608,32.522
-115.827,32.688
-115.813,32.672
-115.358,32.281
-115.43,32.307
-115.062,32.151
-115.375,32.296
-115.829,32.618
-115.529,32.424
-115.762,32.621
-115.674,32.554
-115.333,32.289
-115.767,32.651
-115.287,32.225
-115.432,32.248
-115.174,32.027
-115.335,32.276
-115.463,32.218
-115.338,32.307
-115.777,32.617
-115.77,32.608
-115.576,32.376
-115.685,32.533
-115.676,32.522
-115.599,32.4
-115.65,32.482
-115.115,32.145
-115.771,32.606
-115.703,32.63
-115.71,32.535
-115.721,32.531
-115.282,32.128
-115.406,32.352
-115.82,32.689
-115.436,32.356
-115.386,32.278
-115.582,32.472
-115.678,32.512
-115.213,32.139
-115.815,32.667
-115.261,32.16
-115.783,32.654
-115.73,32.569
-115.773,32.593
-115.466,32.342
-115.047,32.124
-115.301,32.141
-115.783,32.688
-115.104,32.036
-115.28,32.206
-115.308,32.177
-115.792,32.543
-115.285,32.132
-115.766,32.498
-115.785,32.59
-115.404,32.355
-115.665,32.548
-115.662,32.526
-115.777,32.602
-115.302,32.285
-115.629,32.473
-115.745,32.651
-115.76,32.566
-115.339,32.272
-115.795,32.656
-115.791,32.648
-115.759,32.601
-115.397,32.203
-115.346,32.254
-115.651,32.541
-115.035,32.086
-115.301,32.139
-115.771,32.546
-115.805,32.647
-115.746,32.572
-115.262,32.154
-115.369,32.277
-115.265,32.209
-115.577,33.046
-115.701,32.581
-115.756,32.643
-115.747,32.545
-115.789,32.618
-115.659,32.478
-115.323,32.172
-115.662,32.486
-115.608,32.486
-115.043,32.072
-115.342,32.278
-115.573,32.44
-115.583,32.39
-115.565,32.334
-115.326,32.268
-115.35,32.271
-115.105,32.129
-115.231,32.079
-115.176,32.201
-115.76,32.613
-115.303,32.138
-115.212,32.164
-115.773,32.62
-115.204,32.172
-115.748,32.659
-115.594,32.453
-115.41,32.306
-115.379,32.233
-115.76,32.677
-115.411,32.154
-115.531,32.376
-115.851,32.683
-115.75,32.586
-115.606,32.52
-115.439,32.3
-115.778,32.63
-115.399,32.149
-115.275,32.047
-115.589,32.385
-115.334,32.133
-115.877,32.719
-115.243,32.179
-115.8,32.63
-115.346,32.123
-115.26,32.052
-115.756,32.634
-115.315,32.132
-115.793,32.61
-115.17,32.097
-115.863,32.681
-115.619,32.389
-115.356,32.145
-115.165,32.101
-115.35,32.279
-115.579,32.332
-115.19,32.119
-115.326,32.272
-115.255,32.11
-115.092,32.116
-115.298,32.232
-115.624,32.483
-115.769,32.634
-115.265,32.162
-115.29,32.162
-115.826,32.666
-115.332,32.267
-115.287,32.227
-115.644,32.462
-115.726,32.617
-115.323,32.218
-115.676,32.508
-115.81,32.672
-115.288,32.165
-115.295,32.075
-115.259,32.115
-115.617,32.48
-115.292,32.252
-115.338,32.298
-115.352,32.279
-115.576,32.383
-115.336,32.164
-115.385,32.265
-115.271,32.055
-114.945,32.007
-115.809,32.634
-115.189,32.242
-115.263,32.126
-115.317,32.266
-115.302,32.134
-115.085,32.103
-115.655,32.49
-115.281,32.136
-115.797,32.653
-115.746,32.624
-115.8,32.654
-115.773,32.596
-115.343,32.28
-115.326,32.177
-115.809,32.664
-115.81,32.695
-115.767,32.603
-115.737,32.639
-115.763,32.618
-115.782,32.615
-115.748,32.627
-115.813,32.678
-115.35,32.297
-115.324,32.188
-115.692,32.501
-115.461,32.299
-115.078,32.196
-115.332,32.182
-115.291,32.17
-115.808,32.657
-115.76,32.587
-115.767,32.616
-115.124,32.079
-115.765,32.612
-115.286,32.169
-115.787,32.631
-115.334,32.218
-115.802,32.64
-115.849,32.668
-115.336,32.158
-115.382,32.189
-115.447,32.288
-115.334,32.195
-115.793,32.663
-115.781,32.695
-114.999,32.017
-115.097,32.115
-115.79,32.619
-115.32,32.076
-115.323,32.3
-115.65,32.454
-115.308,32.185
-115.876,32.724
-115.257,32.1
-115.314,32.229
-115.782,32.586
-115.214,32.109
-115.193,32.114
-115.733,32.601
-115.31,32.07
-115.695,32.578
-115.321,32.243
-115.725,32.579
-115.784,32.6
-115.745,32.614
-115.268,32.078
-115.712,32.548
-115.087,32.072
-115.327,32.222
-115.282,32.063
-115.828,32.652
-115.265,32.036
-115.251,32.169
-115.779,32.634
-115.362,32.198
-115.785,32.606
-115.373,32.208
-116.413,33.045
-116.409,33.044
-114.989,32.05
-115.761,32.623
-115.787,32.557
-115.297,32.137
-115.787,32.627
-115.076,32.175
-115.503,32.26
-115.837,32.651
-115.812,32.66
-115.753,32.63
-115.093,32.033
-115.816,32.677
-115.359,32.272
-115.266,32.195
-115.552,32.399
-115.224,32.142
-114.977,32.062
-115.823,32.658
-115.356,32.284
-115.337,32.301
-115.195,32.172
-115.103,32.085
-115.337,32.263
-115.344,32.306
-115.137,32.138
-115.155,32.139
-115.859,32.678
-115.863,32.681
-115.859,32.684
-115.227,32.159
-115.292,32.123
-115.861,32.688
-115.142,32.096
-115.86,32.682
-115.746,32.634
-115.39,32.343
-115.471,32.267
-115.204,32.113
-115.235,32.175
-115.772,32.61
-115.332,32.163
-115.268,32.212
-115.329,32.204
-115.701,32.545
-115.763,32.648
-115.325,32.115
-115.769,32.643
-115.168,32.141
-115.184,32.102
-115.782,32.614
-115.411,32.282
-115.077,32.071
-115.767,32.589
-115.371,32.248
-115.237,32.16
-115.778,32.605
-115.726,32.593
-115.203,32.19
-115.265,32.144
-115.756,32.592
-114.983,32.014
-115.797,32.615
-115.784,32.575
-115.219,32.091
-115.362,32.258
-115.201,32.167
-115.068,32.16
-115.807,32.641
-115.04,32.115
-115.335,32.209
-115.075,32.049
-115.072,32.215
-115.469,32.424
-115.088,32.138
-115.26,32.107
-115.327,32.297
-115.321,32.139
-115.31,32.141
-115.351,32.279
-115.317,32.306
-115.21,32.096
-115.208,32.124
-115.814,32.675
-115.265,32.193
-115.047,32.053
-115.38,32.312
-115.851,32.617
-115.347,32.231
-115.047,32.211
-115.391,32.299
-115.332,32.252
-115.187,32.072
-115.774,32.594
-115.781,32.592
-115.074,32.064
-115.283,32.17
-115.069,32.029
-115.797,32.65
-115.26,32.134
-115.769,32.673
-115.321,32.231
-115.352,32.277
-115.498,32.398
-115.332,32.208
-115.161,32.123
-115.381,32.266
-115.749,32.624
-115.873,32.708
-115.876,32.706
-115.184,32.109
-115.084,32.071
-115.739,32.634
-115.688,32.574
-115.163,32.11
-115.855,32.693
-115.848,32.703
-115.855,32.696
-115.788,32.681
-115.86,32.698
-115.737,32.635
-115.366,32.218
-115.5,32.358
-115.785,32.619
-115.787,32.676
-115.381,32.407
-115.299,32.162
-115.811,32.665
-115.177,32.123
-115.368,32.256
-115.329,32.381
-115.322,32.24
-115.121,32.075
-115.785,32.617
-115.09,32.073
-115.332,32.314
-115.081,32.083
-115.299,32.203
-115.285,32.2
-115.785,32.627
-115.4,32.265
-115.291,32.196
-115.758,32.639
-115.785,32.611
-115.771,32.634
-115.88,32.728
-115.109,32.115
-115.269,32.261
-115.354,32.27
-115.307,32.144
-115.86,32.665
-115.348,32.2
-114.979,32.008
-115.295,32.152
-115.082,32.055
-115.221,32.215
-115.015,32.01
-115.773,32.616
-115.312,32.215
-115.785,32.591
-115.963,33.146
-115.86,32.705
-115.217,32.148
-115.351,32.239
-115.807,32.688
-115.243,32.167
-115.153,32.086
-115.173,32.103
-115.2,32.184
-115.067,32.125
-115.116,32.05
-115.331,32.202
-115.014,32.093
-115.753,32.633
-115.277,32.26
-115.265,32.164
-115.423,32.29
-115.196,32.109
-115.202,32.154
-115.09,32.095
-115.105,32.146
-115.77,32.606
-115.298,32.16
-115.238,32.105
-115.747,32.633
-115.298,32.178
-115.882,32.723
-115.356,32.219
-115.904,32.733
-115.892,32.712
-115.912,32.718
-115.913,32.731
-115.908,32.734
-115.889,32.71
-115.561,32.382
-115.862,32.714
-115.55,32.425
-114.912,32.069
-115.904,32.736
-115.743,32.639
-115.274,32.171
-115.786,32.625
-115.287,32.206
-115.902,32.733
-115.885,32.737
-115.314,32.285
-115.789,32.617
-115.335,32.246
-115.799,32.625
-115.419,32.295
-115.912,32.721
-115.331,32.271
-115.364,32.273
-115.333,32.263
-115.346,32.275
-115.778,32.607
-115.339,32.253
-115.796,32.663
-115.804,32.664
-115.287,32.234
-115.0,32.039
-115.857,32.693
-115.265,32.249
-115.067,32.153
-115.298,32.322
-115.369,32.272
-115.729,32.591
-115.185,32.199
-115.274,32.226
-115.598,32.496
-115.889,32.718
-115.263,32.245
-115.764,32.614
-115.79,32.692
-115.154,32.096
-115.267,32.181
-115.768,32.675
-115.309,32.229
-115.743,32.633
-115.259,32.316
-115.309,32.221
-115.249,32.151
-115.748,32.637
-115.168,32.148
-115.266,32.142
-115.663,32.572
-115.344,32.271
-120.486,35.938
-115.534,32.434
-115.356,32.21
-115.251,32.171
-115.933,33.096
-115.023,32.105
-115.259,32.216
-115.78,32.614
-115.265,32.237
-116.124,32.627
-115.778,32.618
-115.384,32.289
-115.763,32.685
-116.011,32.728
-115.032,32.079
-115.874,32.714
-115.536,32.422
-115.559,32.392
-115.084,32.126
-115.536,32.422
-115.065,32.04
-115.05,32.027
-115.094,32.245
-115.064,32.033
-115.331,32.223
-115.22,32.197
-115.786,32.614
-115.274,32.164
-115.252,32.188
-115.278,32.17
-115.835,32.691
-115.339,32.213
-115.298,32.169
-115.766,32.602
-115.55,32.41
-115.261,32.129
-115.322,32.235
-115.761,32.61
-115.009,32.088
-115.268,32.165
-115.34,32.16
-115.837,32.685
-115.602,32.454
-115.736,32.58
-115.734,32.588
-115.738,32.584
-115.82,32.669
-115.91,32.689
-115.255,32.22
-115.405,32.334
-115.092,32.104
-115.908,32.698
-115.224,32.208
-115.767,32.624
-115.765,32.614
-115.48,32.348
-115.398,32.283
-115.909,32.689
-115.623,32.477
-115.858,32.687
-115.186,32.103
-115.163,32.054
-115.323,32.173
-116.031,32.789
-115.357,32.331
-115.306,32.176
-115.367,32.212
-115.095,32.001
-115.049,32.044
-115.422,32.33
-115.391,32.375
-115.183,32.101
-115.067,32.007
-115.765,32.607
-115.214,32.139
-115.138,32.066
-115.747,32.597
-115.731,32.596
-115.887,32.721
-115.091,32.174
-116.002,32.669
-115.146,32.121
-115.359,32.308
-115.783,32.667
-115.629,32.474
-115.486,32.407
-115.245,32.182
-115.287,32.177
-115.06,32.136
-115.737,32.653
-115.204,32.175
-115.778,32.669
-115.758,32.608
-115.316,32.248
-115.661,32.534
-115.802,32.675
-115.799,32.689
-115.731,32.651
-115.722,32.664
-114.964,32.186
-114.957,32.147
-115.097,32.113
-115.096,32.1
-115.758,32.675
-115.751,32.677
-115.76,32.681
-115.757,32.685
-115.757,32.681
-115.528,32.43
-115.76,32.681
-115.795,32.707
-115.781,32.672
-115.347,32.278
-115.237,32.232
-115.792,32.659
-115.801,32.676
-115.76,32.676
-115.143,32.107
-115.086,32.178
-115.766,32.684
-115.767,32.615
-115.187,32.231
-115.163,32.09
-115.754,32.614
-115.715,32.634
-115.422,32.348
-115.062,32.089
-115.318,32.311
-115.768,32.608
-115.151,32.099
-115.076,32.176
-115.083,32.156
-115.02,32.099
-115.366,32.312
-115.1,32.205
-115.118,32.078
-115.365,32.315
-115.318,32.333
-115.319,32.282
-115.328,32.358
-115.083,32.123
-115.064,32.099
-115.04,32.088
-115.752,32.608
-115.766,32.645
-115.539,32.429
-115.537,32.403
-115.763,32.645
-115.374,32.368
-115.09,32.196
-115.282,32.224
-115.802,32.681
-115.496,32.423
-115.657,32.568
-115.721,32.604
-115.803,32.693
-115.791,32.658
-115.787,32.664
-115.022,32.119
-115.776,32.672
-115.726,32.651
-115.798,32.679
-115.275,32.198
-115.639,32.544
-115.764,32.686
-115.136,32.148
-115.78,32.664
-115.372,32.271
-115.047,32.18
-115.015,32.012
-115.859,32.713
-115.089,32.169
-115.156,32.076
-115.787,32.676
-115.023,32.032
-115.981,32.711
-115.301,32.331
-115.758,32.668
-115.233,32.221
-115.285,32.229
-115.175,32.177
-115.767,32.678
-115.318,32.333
-115.313,32.344
-115.197,32.163
-115.689,32.586
-115.207,32.27
-115.192,32.19
-115.292,32.242
-115.17,32.117
-115.814,32.719
-115.128,32.072
-115.072,32.101
-115.082,32.069
-115.09,32.013
-115.761,32.611
-115.859,32.707
-115.061,32.163
-115.767,32.622
-115.064,32.025
-115.057,32.034
-115.313,32.245
-115.095,32.047
-115.011,32.096
-115.026,32.028
-115.764,32.673
-115.76,32.658
-115.721,32.648
-115.323,32.324
-115.79,32.666
-115.341,32.264
-115.436,32.309
-115.55,32.443
-115.734,32.632
-115.728,32.611
-115.283,32.163
-115.204,32.058
-115.266,32.22
-115.182,32.092
-115.346,32.296
-115.349,32.239
-115.221,32.188
-115.771,32.66
-115.39,32.288
-115.759,32.61
-115.212,32.185
-115.263,32.238
-115.043,32.054
-115.674,32.586
-115.611,32.537
-115.343,32.31
-115.354,32.244
-115.396,32.257
-115.596,32.515
-115.168,32.075
-115.39,32.321
-115.778,32.687
-115.344,32.278
-115.109,32.068
-115.326,32.361
-115.842,32.686
-115.217,32.157
-115.543,32.409
-115.081,32.076
-115.407,32.313
-115.325,32.346
-115.336,32.36
-115.843,32.695
-115.055,32.075
-115.746,32.642
-115.187,32.173
-115.717,32.653
-115.314,32.363
-115.261,32.184
-115.9,32.726
-115.257,32.236
-115.719,32.644
-115.64,32.549
-115.618,32.526
-115.332,32.248
-115.628,32.515
-115.745,32.652
-115.356,32.221
-115.344,32.224
-115.807,32.67
-115.808,32.66
-115.282,32.157
-115.798,32.661
-115.101,32.049
-115.172,32.14
-115.763,32.654
-115.331,32.244
-115.277,32.198
-115.337,32.275
-115.264,32.217
-115.182,32.085
-115.71,32.589
-115.734,32.642
-115.255,32.146
-115.294,32.224
-115.399,32.355
-115.393,32.291
-115.266,32.181
-115.342,32.263
-115.331,32.338
-115.051,32.043
-115.226,32.124
-115.274,32.168
-115.236,32.216
-115.544,32.426
-120.383,36.57
-115.353,32.273
-115.354,32.274
-115.28,32.236
-115.847,32.692
-115.838,32.704
-115.252,32.235
-115.333,32.327
-115.36,32.343
-115.841,32.694
-115.843,32.694
-115.914,32.681
-115.826,32.738
-115.792,32.669
-115.216,32.216
-115.841,32.684
-115.837,32.699
-115.369,32.317
-115.065,32.065
-115.387,32.3
-115.309,32.276
-115.767,32.612
-115.75,32.582
-115.765,32.61
-115.724,32.638
-115.734,32.632
-115.198,32.166
-115.218,32.195
-115.654,32.581
-115.563,32.494
-115.323,32.258
-115.463,32.304
-115.891,32.717
-115.39,32.279
-115.318,32.21
-115.797,32.688
-115.466,32.345
-115.034,32.089
-115.552,32.351
-115.111,32.109
-115.453,32.376
-115.301,32.203
-115.764,32.584
-115.563,32.394
-115.559,32.398
-115.269,32.186
-115.198,32.038
-115.287,32.264
-120.276,33.782
-115.789,32.706
-115.887,32.715
-115.888,32.721
-120.263,33.769
-115.286,32.219
-115.934,32.68
-115.359,32.261
-115.097,32.051
-115.016,32.013
-115.08,32.131
-115.091,32.049
-115.041,32.062
-117.338,35.956
-115.868,32.706
-115.876,32.709
-115.437,32.314
-115.873,32.706
-115.901,32.691
-115.324,32.299
-115.342,32.326
-115.318,32.359
-115.874,32.704
-115.667,32.566
-116.048,33.267
-115.257,32.197
-115.823,32.744
-115.797,32.681
-115.81,32.675
-115.435,32.226
-119.268,35.008
-115.801,32.677
-115.37,32.287
-115.877,32.708
-115.812,32.673
-115.554,32.422
-115.435,32.368
-115.257,32.273
-115.55,32.421
-115.101,32.004
-115.276,32.212
-115.352,32.258
-115.139,32.12
-115.336,32.357
-115.342,32.276
-118.373,35.53
-121.126,35.684
-115.364,32.275
-115.208,32.11
-115.754,32.6
-115.083,32.126
-115.148,32.186
-115.191,32.161
-115.874,32.722
-115.029,32.07
-115.068,32.074
-115.328,32.322
-115.341,32.317
-115.391,32.304
-115.553,32.418
-115.376,32.308
-115.366,32.262
-115.866,32.693
-115.861,32.704
-115.142,32.082
-117.329,35.958
-115.754,32.607
-115.85,32.664
-119.04,34.084
-115.263,32.208
-115.246,32.191
-115.277,32.222
-115.287,32.223
-114.964,32.014
-115.635,32.535
-115.726,32.663
-115.236,32.185
-115.91,32.708
-115.57,33.833
-115.393,32.291
-115.825,32.66
-116.352,32.994
-115.826,32.667
-115.294,32.243
-115.305,32.267
-115.742,32.645
-115.852,32.672
-115.857,32.674
-115.856,32.677
-115.858,32.68
-115.86,32.673
-115.096,32.041
-115.249,32.246
-120.551,33.879
-115.814,32.658
-115.815,32.659
-115.948,32.716
-115.756,32.617
-115.768,32.624
-115.771,32.63
-115.764,32.616
-115.734,32.605
-115.75,32.613
-115.759,32.611
-115.875,32.712
-115.171,32.131
-115.234,32.248
-115.822,32.669
-115.33,32.238
-115.316,32.243
-115.736,32.608
-115.135,32.155
-117.605,32.206
-117.604,32.203
-115.57,32.403
-115.56,32.411
-115.41,32.31
-115.173,32.156
-115.746,32.654
-115.055,32.089
-115.29,32.238
-115.288,32.25
-115.281,32.259
-115.335,32.266
-115.566,32.462
-115.222,32.146
-115.872,32.727
-115.4,32.287
-115.182,32.14
-115.167,32.094
-115.217,32.207
-115.35,32.276
-115.195,32.181
-115.211,32.187
-115.248,32.211
-116.463,33.505
-116.049,33.252
-115.907,32.701
-115.717,32.589
-115.168,32.16
-115.056,32.069
-115.072,32.167
-115.059,32.108
-115.069,32.077
-115.08,32.153
-118.444,33.859
-116.847,34.316
-116.847,34.317
-118.458,33.857
-115.427,32.324
-115.895,32.696
-115.345,32.298
-115.091,32.115
-115.352,32.205
-115.204,32.432
-115.181,32.379
-115.18,32.396
-115.107,32.341
-115.321,32.368
-115.19,32.405
-115.196,32.388
-121.609,36.863
-116.416,33.383
-116.395,33.392
-115.92,32.706
-115.924,32.7
-115.629,32.512
-115.552,32.441
-115.309,32.234
-115.316,32.25
-115.195,32.107
-115.261,32.224
-115.751,32.653
-115.911,32.705
-115.96,32.729
-115.952,32.724
-115.918,32.699
-115.941,32.716
-115.957,32.731
-115.939,32.716
-115.952,32.714
-115.912,32.7
-115.905,32.686
-115.951,32.721
-115.931,32.698
-115.938,32.701
-115.945,32.726
-115.925,32.707
-115.947,32.705
-115.883,32.666
-115.95,32.7
-115.902,32.643
-115.914,32.668
-115.989,32.754
-115.956,32.709
-115.951,32.693
-115.942,32.689
-115.936,32.677
-115.916,32.7
-115.954,32.697
-115.923,32.697
-115.921,32.682
-115.947,32.712
-115.911,32.688
-115.915,32.683
-115.866,32.668
-115.924,32.698
-115.914,32.696
-115.915,32.677
-115.912,32.672
-115.93,32.691
-115.929,32.705
-115.951,32.716
-116.422,33.395
-115.959,32.709
-115.906,32.687
-115.934,32.704
-115.96,32.715
-115.976,32.733
-115.923,32.689
-115.909,32.675
-115.905,32.674
-115.974,32.728
-115.929,32.696
-115.928,32.708
-115.217,32.063
-115.967,32.691
-115.93,32.702
-115.897,32.673
-115.965,32.725
-118.603,35.203
-115.061,32.063
-115.004,32.075
-115.016,32.086
-115.968,32.721
-115.966,32.725
-115.613,32.494
-115.24,32.123
-115.934,32.7
-116.417,33.391
-115.972,32.719
-115.924,32.683
-115.338,32.196
-115.332,32.231
-115.393,32.221
-115.19,32.024
-115.993,32.73
-121.434,36.939
-115.931,32.706
-115.955,32.712
-115.428,32.327
-117.447,34.131
-115.953,32.713
-117.221,32.02
-115.963,32.72
-115.24,32.169
-121.032,35.663
-121.075,35.666
-115.967,32.718
-115.795,32.619
-118.609,35.337
-115.918,32.698
-115.919,32.672
-118.596,35.203
-115.95,32.712
-115.375,32.248
-115.511,32.407
-115.912,32.665
-115.557,32.41
-118.44,35.482
-115.037,32.019
-116.234,32.868
-116.233,32.87
-115.174,32.062
-115.181,32.035
-115.976,32.736
-114.983,32.006
-115.122,32.059
-115.346,32.218
-115.425,32.308
-116.475,33.417
-116.451,33.391
-116.406,33.445
-115.301,32.236
-116.476,33.458
-117.709,36.102
-115.41,32.294
-115.624,32.468
-118.195,36.791
-115.869,32.67
-116.442,33.478
-115.178,32.1
-115.919,32.67
-115.324,32.304
-115.225,32.083
-115.273,32.137
-115.332,32.247
-115.24,32.174
-115.234,32.212
-115.209,32.147
-115.709,32.562
-115.177,32.135
-115.641,32.481
-121.572,36.827
-115.155,32.02
-116.267,34.479
-115.191,32.173
-115.979,32.726
-115.689,32.635
-115.365,32.26
-115.356,32.246
-115.362,32.245
-115.288,32.154
-115.257,32.148
-116.005,33.157
-115.38,32.295
-115.27,32.152
-115.261,32.184
-115.192,32.135
-115.207,32.075
-115.231,32.064
-115.306,32.235
-115.238,32.209
-115.194,32.025
-115.218,32.133
-117.76,33.964
-120.824,36.25
-115.719,32.571
-115.298,32.166
-115.079,32.118
-115.189,36.504
-120.238,36.436
-116.443,33.979
-115.977,32.725
-115.218,32.065
-121.648,36.88
-120.429,34.724
-115.373,32.236
-116.413,33.373
-115.267,32.185
-115.296,32.172
-115.086,32.026
-115.253,32.159
-115.239,32.15
-119.325,33.169
-115.284,32.191
-115.199,32.116
-117.502,34.388
-121.578,36.818
-116.693,33.882
-115.254,32.142
-119.033,33.515
-115.411,32.363
-121.183,35.821
-116.04,32.846
-115.964,32.721
-115.642,33.225
-115.63,33.224
-115.638,33.231
-118.225,32.433
-121.401,36.462
-115.293,32.18
-115.351,32.213
-115.361,32.178
-115.296,32.176
-115.295,32.228
-121.611,36.794
-115.223,32.137
-115.311,32.169
-115.261,32.12
-115.261,32.114
-115.713,32.652
-120.967,36.23
-116.957,35.727
-115.334,32.295
-115.895,32.682
-115.091,32.022
-116.773,34.73
-115.198,32.048
-115.334,32.188
-115.247,32.165
-115.366,32.295
-117.677,35.843
-115.705,32.627
-115.329,32.216
-115.34,32.208
-121.301,36.677
-115.108,32.026
-115.383,32.251
-115.276,32.184
-115.39,32.237
-115.894,32.681
-115.216,32.078
-116.492,33.147
-115.74,32.602
-115.74,32.588
-115.264,32.2
-115.29,32.158
-116.468,33.002
-117.663,35.962
-115.299,32.163
-115.229,32.115
-115.254,32.162
-115.245,32.088
-115.722,32.565
-115.363,32.255
-120.311,35.312
-115.219,32.36
-115.234,32.084
-115.578,32.457
-115.232,32.16
-118.979,35.068
-115.333,32.184
-115.728,32.659
-115.186,32.001
-115.071,32.162
-115.078,32.164
-115.954,32.828
-115.952,32.833
-116.949,34.992
-115.997,32.864
-118.155,33.778
-115.21,32.142
-115.345,32.224
-115.688,32.65
-115.183,32.101
-115.24,32.106
-115.537,32.688
-115.218,32.156
-115.225,32.102
-117.159,33.987
-116.466,33.004
-115.219,32.144
-116.418,33.388
-121.136,35.73
-115.178,32.082
-115.731,32.603
-121.786,36.879
-117.781,36.035
-121.302,36.649
-115.265,32.117
-121.25,36.602
-117.227,34.017
-117.664,35.964
-117.663,35.963
-115.337,32.271
-115.736,32.627
-115.942,32.662
-115.774,32.62
-115.771,32.617
-115.075,32.089
-121.031,36.599
-115.764,32.613
-116.471,33.139
-115.264,32.163
-115.265,32.153
-115.264,32.202
-115.271,32.229
-115.29,32.185
-115.547,33.026
-115.54,33.023
-115.543,33.033
-115.541,33.027
-115.545,33.02
-115.538,33.023
-118.937,34.031
-115.755,32.62
-115.757,32.585
-120.519,36.467
-115.83,32.67
-115.83,32.663
-115.827,32.648
-115.841,32.671
-115.251,32.243
-120.517,36.471
-121.099,36.751
-116.267,32.919
-121.547,36.812
-116.425,33.372
-115.376,32.237
-115.564,32.453
-115.105,32.084
-115.621,33.188
-115.62,33.186
-118.68,34.511
-115.359,32.267
-115.373,32.202
-115.381,32.197
-116.355,32.992
-115.385,32.243
-115.644,33.16
-115.638,33.163
-116.986,33.825
-116.772,33.227
-120.576,33.958
-120.595,33.94
-118.458,33.859
-121.499,36.77
-121.504,36.774
-121.541,36.802
-121.542,36.803
-115.321,32.217
-115.941,32.66
-115.228,32.144
-118.985,35.079
-115.179,32.095
-115.847,32.669
-118.315,33.565
-115.226,32.148
-115.322,32.227
-115.222,32.134
-115.919,32.647
-120.622,33.942
-116.832,33.704
-115.279,32.154
-115.284,32.171
-115.288,32.188
-115.283,32.168
-115.309,32.231
-121.309,36.684
-115.062,32.047
-115.04,32.02
-115.101,32.1
-118.721,34.314
-115.252,32.047
-120.344,35.793
-118.355,36.037
-121.539,36.809
-116.516,34.468
-115.352,32.141
-115.616,32.822
-115.354,32.258
-115.69,32.572
-115.281,32.178
-117.401,36.008
-118.561,35.351
-121.125,35.687
-121.229,36.622
-121.301,36.605
-115.224,32.175
-118.813,33.985
-115.372,32.23
-115.365,32.254
-115.176,32.343
-115.654,33.187
-116.757,33.225
-115.228,32.339
-116.838,34.322
-115.75,32.64
-121.733,36.006
-115.726,32.633
-115.724,32.605
-115.733,32.632
-115.245,32.152
-115.168,32.069
-115.248,32.054
-116.445,33.462
-116.451,33.462
-115.338,32.304
-115.551,32.388
-115.549,32.401
-115.549,32.378
-115.546,32.375
-115.557,32.397
-114.944,32.016
-116.318,33.021
-117.647,35.968
-117.658,35.958
-117.87,36.395
-117.87,36.391
-117.873,36.399
-117.874,36.386
-116.242,32.859
-115.162,32.046
-114.977,32.071
-115.79,32.657
-118.564,35.349
-116.378,34.832
-116.863,35.144
-115.188,32.055
-119.118,33.502
-115.205,32.02
-115.186,32.147
-115.177,32.112
-117.05,34.222
-116.753,34.217
-116.732,33.636
-116.562,33.984
-118.274,33.915
-115.737,32.663
-115.737,32.633
-115.318,32.214
-115.749,32.623
-119.043,33.623
-115.159,32.108
-116.74,33.69
-121.293,36.669
-116.352,32.998
-119.079,34.511
-115.666,32.563
-116.72,32.076
-117.74,35.923
-115.651,33.172
-115.332,32.293
-121.616,36.88
-120.31,36.453
-115.086,32.035
-115.269,32.164
-121.122,36.636
-117.983,33.053
-121.353,36.627
-117.84,35.388
-115.237,32.079
-116.15,32.801
-115.359,32.224
-115.26,32.18
-115.117,32.096
-116.934,33.755
-115.131,32.06
-120.926,34.582
-115.119,32.047
-121.344,36.747
-115.506,32.871
-116.149,32.797
-118.285,33.87
-115.344,32.25
-116.492,33.481
-115.262,32.157
-119.082,34.959
-118.515,33.632
-116.252,36.841
-116.37,32.091
-115.421,32.738
-115.237,32.055
-121.224,36.542
-121.624,36.892
-118.146,33.773
-115.307,32.166
-117.838,36.369
-121.064,36.488
-121.175,36.58
-121.283,36.566
-121.255,36.556
-121.273,36.574
-121.26,36.549
-121.197,35.745
-118.475,34.339
-115.217,32.121
-121.16,36.528
-121.109,35.73
-115.175,32.081
-117.076,33.953
-117.839,33.633
-115.447,32.215
-117.589,36.111
-117.587,36.104
-118.434,34.496
-115.251,32.343
-116.975,34.31
-116.454,33.479
-117.515,36.943
-118.398,35.494
-116.028,34.72
-115.948,32.655
-115.682,32.537
-115.287,32.15
-116.399,32.997
-116.293,34.694
-116.293,34.693
-115.278,32.147
-116.401,32.996
-115.352,32.204
-115.223,32.349
-120.023,35.975
-117.62,35.681
-115.243,32.118
-116.358,32.913
-115.335,32.217
-115.507,32.291
-117.226,33.97
-118.319,36.227
-115.216,32.115
-116.15,32.797
-115.334,32.219
-116.265,33.245
-116.261,33.246
-115.606,33.179
-116.58,33.468
-115.238,32.14
-119.056,33.633
-115.185,32.095
-115.297,32.123
-121.126,36.566
-121.215,36.547
-117.588,34.01
-116.323,34.007
-115.297,32.141
-115.256,32.135
-115.337,32.208
-119.449,33.195
-116.337,34.002
-117.908,36.002
-116.054,33.731
-116.057,33.733
-115.255,32.123
-121.282,36.648
-115.749,32.616
-115.26,32.461
-121.794,36.873
-115.294,32.299
-115.528,32.923
-118.213,33.358
-115.552,33.203
-115.209,32.199
-116.252,33.242
-115.193,32.127
-115.554,33.212
-120.816,35.567
-115.555,33.216
-119.424,33.896
-115.282,32.203
-115.284,32.192
-115.556,33.216
-115.557,33.209
-115.561,33.214
-121.344,36.614
-121.295,36.61
-121.144,36.546
-116.097,33.228
-116.102,33.229
-115.709,32.671
-115.077,32.046
-115.704,32.674
-117.45,34.152
-115.687,32.59
-116.45,33.007
-116.879,33.304
-118.831,34.006
-116.853,33.379
-121.225,35.695
-116.156,33.858
-116.157,33.858
-115.816,32.615
-121.195,36.591
-115.183,32.126
-115.835,32.655
-115.816,32.622
-116.466,33.464
-121.628,36.892
-119.348,35.466
-116.093,33.794
-121.489,36.736
-116.402,33.322
-117.72,33.502
-116.84,33.712
-117.434,34.234
-115.28,32.175
-115.286,32.218
-115.551,32.421
-116.424,34.16
-115.24,32.166
-115.716,32.091
-115.212,32.158
-115.31,32.214
-115.736,32.093
-115.279,32.196
-116.402,33.319
-115.266,32.247
-116.487,33.476
-118.577,34.963
-115.703,32.677
-116.724,34.947
-116.722,34.947
-119.058,33.692
-118.833,33.176
-115.733,32.113
-115.735,32.11
-115.724,32.104
-116.722,34.952
-115.735,32.105
-115.741,32.107
-117.792,33.908
-115.363,32.281
-115.726,32.109
-116.046,33.075
-121.519,36.934
-116.366,34.062
-115.281,32.217
-115.343,32.207
-115.322,32.203
-115.301,32.219
-115.289,32.213
-115.273,32.199
-115.267,32.186
-116.301,33.378
-116.841,34.304
-115.224,32.17
-119.31,33.866
-116.132,33.961
-115.3,32.201
-115.288,32.196
-116.391,34.09
-115.273,32.218
-115.222,32.153
-115.216,32.15
-115.241,32.191
-115.25,32.178
-120.682,36.513
-117.555,34.209
-115.183,32.1
-116.392,34.089
-118.407,33.964
-115.45,32.786
-120.483,35.975
-117.792,33.905
-117.791,33.904
-117.789,33.901
-118.571,33.828
-115.1,32.109
-117.669,35.955
-115.98,33.167
-117.073,34.255
-115.213,32.2
-120.97,34.824
-117.878,36.459
-116.197,33.871
-115.552,33.009
-115.549,33.013
-115.544,33.014
-115.548,33.017
-115.536,33.016
-115.566,33.001
-115.566,33.004
-115.554,33.017
-115.559,33.014
-115.576,33.003
-115.514,33.002
-115.597,32.987
-115.542,33.023
-115.565,32.998
-115.583,33.001
-115.544,33.021
-115.564,33.008
-115.546,33.02
-115.55,33.019
-115.54,33.019
-115.537,33.025
-115.596,32.996
-115.535,33.037
-115.522,33.029
-115.608,32.98
-115.546,32.997
-115.581,32.991
-115.532,33.029
-115.582,32.986
-115.579,32.989
-115.544,33.015
-115.591,32.992
-115.589,32.994
-115.55,33.014
-115.588,32.988
-115.531,33.028
-115.537,33.003
-115.531,33.043
-115.534,33.025
-115.579,32.992
-115.609,32.975
-115.588,32.986
-115.519,33.021
-115.542,33.055
-115.53,33.044
-118.402,36.009
-115.57,33.006
-115.569,33.004
-115.611,32.973
-118.399,36.013
-115.935,32.657
-118.4,36.006
-117.778,35.844
-118.403,36.011
-117.788,33.906
-115.538,33.017
-120.54,36.003
-115.169,32.121
-118.391,34.068
-118.398,34.066
-120.029,36.147
-119.983,36.102
-115.713,33.28
-116.737,33.694
-115.641,33.159
-114.828,36.471
-117.414,36.89
-115.266,32.281
-115.249,32.217
-115.213,32.206
-118.318,36.22
-116.144,32.805
-117.68,35.928
-116.311,33.012
-115.228,32.218
-120.802,36.238
-117.349,33.71
-121.179,36.539
-114.321,36.521
-115.224,32.411
-115.21,32.18
-121.111,36.465
-120.847,36.324
-120.805,36.328
-120.858,36.315
-120.85,36.335
-116.813,33.692
-118.458,34.351
-121.199,36.592
-115.187,32.182
-121.211,36.604
-118.56,33.889
-118.484,34.339
-121.25,36.596
-121.221,36.615
-116.235,33.004
-117.179,34.368
-120.182,34.553
-118.816,33.732
-117.847,36.091
-117.845,36.09
-115.32,32.16
-119.346,33.894
-115.988,33.884
-115.548,32.789
-116.239,32.997
-121.371,36.696
-121.368,36.678
-120.939,35.648
-115.238,32.325
-120.517,35.96
-118.061,36.152
-121.089,36.552
-115.317,32.335
-121.105,36.553
-121.074,36.557
-115.334,32.26
-118.288,35.487
-117.13,34.008
-115.275,32.204
-119.481,34.786
-117.498,32.921
-120.847,36.278
-116.023,32.166
-121.144,35.673
-115.211,32.161
-121.948,35.839
-118.629,34.781
-115.283,32.219
-118.626,34.786
-116.311,33.014
-116.056,33.232
-117.689,32.132
-117.221,34.02
-115.825,32.688
-116.8,35.83
-117.247,34.033
-116.458,33.501
-116.448,33.508
-116.475,33.513
-115.718,32.602
-121.431,36.937
-116.445,33.495
-116.443,33.495
-121.126,35.726
-120.831,36.798
-116.093,33.802
-116.287,34.712
-118.394,35.491
-115.27,32.24
-115.226,32.305
-115.205,32.295
-115.332,32.338
-116.74,33.646
-118.418,33.958
-115.642,33.155
-121.417,36.931
-115.184,32.194
-117.854,36.174
-118.771,33.98
-115.092,32.103
-115.197,32.177
-119.311,34.479
-116.767,33.98
-118.372,33.658
-115.243,32.249
-119.239,34.858
-115.55,33.203
-115.552,33.212
-118.379,33.583
-115.323,32.282
-115.307,32.259
-116.84,35.161
-120.177,36.078
-119.92,34.406
-119.934,34.42
-119.13,33.686
-117.911,36.213
-115.625,33.233
-115.625,33.232
-115.555,33.209
-115.553,33.207
-115.321,32.228
-115.293,32.218
-115.185,32.173
-117.172,34.009
-120.467,35.928
-115.207,32.139
-115.945,33.739
-115.303,32.248
-121.47,36.757
-116.696,33.624
-116.005,33.249
-121.391,36.554
-121.435,35.767
-115.258,32.124
-121.162,36.569
-116.736,33.942
-118.287,35.486
-115.88,32.972
-115.022,32.091
-118.288,35.482
-118.066,36.14
-120.639,36.076
-121.038,36.397
-120.094,36.055
-116.255,32.877
-116.256,32.88
-116.254,32.88
-117.776,36.022
-115.973,33.185
-118.287,35.482
-115.242,32.146
-118.287,35.482
-117.089,33.432
-120.957,34.567
-116.627,34.011
-118.285,35.48
-118.288,35.479
-115.304,32.255
-116.422,33.292
-117.604,35.764
-120.405,35.854
-115.215,32.411
-116.253,32.879
-117.785,34.082
-117.784,34.082
-116.391,33.341
-115.254,32.255
-116.603,33.461
-115.131,32.128
-116.275,32.897
-116.281,32.899
-115.995,32.874
-117.607,32.147
-117.602,32.143
-117.684,33.8
-116.294,34.709
-116.295,34.711
-115.3,32.324
-118.472,35.659
-115.676,33.202
-115.677,33.204
-118.068,36.152
-121.241,36.548
-115.163,32.386
-115.249,32.198
-115.197,32.202
-115.242,32.215
-120.808,36.271
-116.292,34.708
-120.775,36.216
-115.306,32.279
-120.323,36.267
-117.234,34.018
-118.271,32.705
-115.159,32.161
-116.457,33.001
-116.457,33.002
-118.064,36.138
-119.784,35.813
-121.619,36.893
-115.319,32.246
-118.065,36.141
-118.069,36.14
-118.067,36.142
-118.057,36.138
-118.069,36.144
-118.33,36.228
-116.265,32.401
-115.214,32.163
-116.332,33.388
-116.733,33.7
-116.477,33.502
-118.469,35.665
-118.453,33.982
-121.078,36.678
-121.074,36.617
-121.43,36.857
-121.114,36.687
-117.442,34.143
-117.687,33.829
-117.438,34.138
-116.936,36.394
-121.359,36.764
-121.466,36.983
-121.603,36.819
-120.364,36.289
-116.739,33.645
-118.496,35.312
-119.568,34.216
-117.553,34.063
-115.701,32.573
-119.115,35.026
-115.174,32.175
-121.274,35.526
-115.784,32.174
-121.62,36.665
-120.488,35.963
-121.647,35.976
-118.49,35.308
-121.899,35.94
-117.3,35.962
-117.298,35.961
-117.3,35.963
-116.347,33.93
-121.062,35.709
-117.303,35.95
-118.428,33.97
-117.845,36.105
-118.055,36.112
-118.631,34.614
-116.235,32.875
-118.486,34.134
-120.839,36.261
-117.539,36.016
-115.6,33.18
-117.934,33.925
-117.916,33.932
-117.932,33.92
-117.931,33.916
-117.9,33.922
-117.955,33.904
-117.892,33.961
-117.95,33.903
-117.948,33.908
-121.193,36.589
-118.943,34.045
-118.466,35.669
-116.048,33.201
-115.718,32.636
-118.521,35.466
-118.522,35.466
-115.663,33.986
-118.349,35.45
-118.188,33.957
-116.727,33.924
-116.825,34.253
-115.184,32.332
-121.585,36.795
-116.867,34.991
-118.37,33.589
-118.491,34.096
-121.112,35.734
-118.56,35.336
-121.514,36.839
-116.916,35.002
-117.498,34.308
-115.89,32.974
-118.141,36.193
-119.331,35.017
-120.327,36.319
-119.828,35.86
-119.812,35.865
-119.826,35.853
-119.794,35.843
-119.825,35.862
-119.841,35.854
-121.236,36.677
-118.475,35.399
-118.167,35.143
-118.322,36.184
-117.965,36.134
-117.963,36.135
-115.646,33.164
-117.027,34.282
-117.018,34.274
-117.967,36.133
-117.966,36.138
-117.026,34.276
-121.481,36.971
-115.647,33.162
-116.933,36.434
-115.982,33.251
-116.507,33.505
-119.751,35.775
-116.936,36.627
-121.619,36.917
-115.913,33.592
-121.454,36.965
-116.425,33.428
-115.322,32.255
-116.274,32.894
-116.242,35.514
-116.245,35.511
-117.715,32.47
-116.268,32.904
-117.745,32.987
-115.14,32.127
-119.834,35.858
-116.47,33.483
-120.466,35.945
-118.664,35.174
-116.073,35.99
-116.443,34.302
-118.722,33.95
-115.232,32.226
-115.26,32.206
-116.83,34.33
-115.238,32.231
-121.005,36.676
-121.391,36.778
-118.284,33.697
-121.345,36.671
-121.434,36.965
-116.964,33.799
-115.674,32.55
-117.612,32.212
-118.782,34.518
-121.081,35.648
-116.118,33.78
-121.289,36.645
-117.799,35.407
-116.963,33.796
-118.009,35.916
-119.622,36.029
-117.859,36.05
-115.247,32.384
-115.242,32.367
-115.251,32.401
-120.784,36.636
-120.783,36.671
-118.316,33.147
-115.255,35.892
-115.203,32.189
-117.525,35.669
-116.65,34.034
-116.317,34.033
-116.508,35.018
-115.2,32.186
-117.036,34.284
-118.052,36.13
-116.075,35.979
-115.539,32.951
-117.232,34.017
-118.599,32.856
-118.653,32.867
-121.657,36.772
-121.527,36.778
-116.635,33.963
-121.479,36.77
-116.415,34.82
-119.841,35.849
-117.91,36.003
-120.35,36.44
-118.097,33.433
-117.228,34.017
-115.609,33.185
-115.604,33.178
-117.222,35.937
-118.272,33.586
-118.635,34.61
-121.551,36.761
-118.635,34.61
-118.63,34.617
-116.332,33.338
-120.612,36.433
-116.425,32.971
-118.447,34.751
-115.455,32.805
-115.258,32.397
-116.281,33.299
-115.229,32.205
-116.028,33.938
-117.691,32.22
-116.268,34.577
-118.58,35.267
-117.868,33.243
-120.362,36.277
-120.31,36.238
-116.032,33.93
-116.261,34.791
-121.159,36.813
-115.211,32.409
-118.554,34.325
-115.209,32.376
-115.245,32.411
-118.36,33.998
-118.457,34.335
-116.438,34.016
-121.06,35.712
-118.25,33.852
-118.361,33.994
-116.98,33.813
-117.635,33.812
-119.074,35.029
-120.87,36.663
-115.642,33.162
-115.644,33.156
-115.648,33.16
-115.647,33.163
-115.242,32.362
-115.238,32.376
-121.125,35.691
-118.354,33.989
-119.906,33.964
-115.282,32.232
-115.282,32.247
-116.142,33.877
-116.282,33.313
-117.689,35.859
-117.686,35.862
-121.371,36.742
-118.424,35.482
-117.69,35.863
-118.297,33.917
-121.308,36.75
-115.701,33.778
-117.599,35.722
-117.249,36.733
-115.208,32.354
-115.581,32.981
-120.637,34.095
-120.87,34.579
-117.445,34.092
-116.461,34.456
-117.718,32.19
-115.541,32.931
-116.858,34.137
-115.255,32.343
-116.907,34.197
-116.79,33.271
-116.912,34.119
-118.763,34.061
-115.464,32.408
-115.737,32.955
-120.599,35.839
-115.058,32.118
-118.466,34.342
-121.291,36.776
-117.435,34.175
-116.103,33.792
-116.434,33.026
-116.671,34.072
-116.853,34.321
-115.4,32.308
-115.229,32.393
-115.718,33.256
-117.048,33.837
-115.154,32.094
-115.166,32.083
-117.902,33.626
-117.281,35.212
-117.28,35.212
-117.281,35.214
-117.982,36.146
-117.413,34.191
-117.408,34.188
-117.41,34.188
-116.888,33.959
-116.774,33.66
-117.81,35.406
-117.81,35.405
-117.968,36.542
-116.237,34.692
-116.237,34.691
-116.239,34.697
-115.223,32.394
-119.976,35.461
-119.973,35.464
-119.677,35.732
-117.118,33.892
-116.863,34.303
-116.629,34.61
-117.517,36.234
-116.237,34.695
-116.243,34.694
-119.373,35.542
-115.745,32.695
-119.075,34.521
-119.075,34.522
-118.552,35.333
-115.07,32.115
-115.68,32.578
-118.053,33.676
-118.649,34.364
-119.29,34.079
-117.481,34.675
-118.031,33.192
-117.66,36.073
-118.645,34.364
-115.596,32.825
-115.265,32.388
-114.026,36.462
-117.466,36.377
-120.526,35.969
-117.631,34.172
-114.345,36.543
-115.174,32.102
-116.033,34.717
-116.035,34.718
-117.293,34.18
-116.443,33.431
-116.405,33.443
-116.451,33.449
-116.466,33.444
-116.454,33.432
-116.464,33.458
-116.424,33.459
-116.488,33.46
-115.568,32.968
-115.57,32.966
-116.379,34.072
-116.831,34.202
-116.919,34.305
-115.572,32.974
-115.531,32.909
-116.299,35.612
-119.337,35.166
-120.052,34.572
-121.325,36.69
-121.33,36.693
-121.341,36.697
-116.683,33.196
-115.76,32.958
-115.225,32.241
-119.965,34.536
-116.421,33.168
-121.338,36.702
-116.718,33.98
-115.222,32.193
-117.865,36.399
-117.921,35.99
-115.638,33.159
-116.549,34.419
-116.115,33.267
-116.715,34.083
-117.868,36.398
-118.298,33.914
-116.39,33.991
-117.683,35.898
-115.714,33.292
-115.714,33.298
-115.722,33.292
-115.715,33.296
-115.706,33.296
-115.707,33.295
-115.716,33.297
-115.712,33.3
-115.695,33.303
-115.712,33.291
-115.701,33.306
-115.693,33.309
-115.697,33.308
-115.711,33.291
-115.712,33.299
-115.705,33.299
-115.717,33.297
-115.077,32.098
-117.684,35.898
-115.725,33.287
-115.616,33.141
-115.642,33.16
-115.642,33.16
-120.276,34.688
-117.252,34.008
-115.345,32.297
-121.311,36.713
-116.415,33.249
-115.567,33.186
-115.569,33.188
-115.565,33.187
-115.567,33.188
-115.563,33.189
-115.565,33.185
-115.568,33.184
-121.007,36.463
-119.5,34.328
-115.424,32.748
-115.437,32.766
-115.101,32.134
-120.805,35.561
-116.129,32.83
-116.088,33.223
-115.632,32.524
-119.755,34.383
-118.909,33.971
-116.707,34.151
-115.548,32.979
-115.535,32.973
-115.548,32.974
-115.545,32.978
-115.546,32.975
-115.539,32.975
-115.546,32.979
-115.546,32.978
-116.064,33.068
-115.271,32.383
-115.254,32.402
-115.211,32.219
-118.9,33.002
-115.376,32.362
-117.046,34.13
-117.281,35.203
-120.992,36.625
-120.162,34.399
-121.58,36.958
-121.543,36.812
-115.862,33.134
-117.001,34.058
-121.256,36.634
-120.036,35.918
-117.239,34.039
-116.053,33.239
-120.192,36.118
-115.633,33.161
-117.237,34.04
-115.228,32.225
-115.224,32.224
-116.082,33.219
-118.723,36.166
-116.913,32.025
-121.638,36.866
-116.97,32.504
-116.403,34.095
-115.26,32.398
-121.046,36.454
-116.447,33.038
-117.24,34.04
-116.836,34.248
-116.285,33.373
-119.646,34.406
-119.644,34.423
-118.331,35.568
-115.232,32.413
-118.519,34.026
-116.801,33.484
-119.742,34.314
-116.743,34.227
-120.002,34.419
-120.0,34.432
-118.988,34.031
-117.846,36.181
-117.846,36.181
-116.638,33.583
-118.964,34.864
-115.905,32.979
-119.38,33.869
-117.713,35.398
-116.809,33.876
-116.799,33.882
-120.733,34.422
-117.874,36.004
-120.744,34.419
-115.885,32.972
-116.761,33.676
-116.902,34.001
-115.201,32.346
-118.964,34.85
-117.679,34.414
-117.427,34.97
-115.893,36.731
-115.272,32.421
-116.268,32.894
-115.645,33.167
-115.646,33.165
-118.15,35.623
-116.886,34.24
-115.46,32.81
-117.058,34.286
-116.801,33.993
-116.671,33.958
-116.922,35.904
-118.642,34.506
-116.276,33.975
-115.616,32.844
-119.303,35.033
-116.926,33.974
-115.616,33.17
-118.476,34.087
-117.767,36.019
-117.77,36.019
-115.397,32.383
-115.221,32.221
-115.537,32.956
-116.656,33.134
-116.66,33.136
-121.088,36.471
-120.002,34.42
-118.718,33.159
-120.678,34.421
-118.184,33.462
-115.039,32.216
-116.47,33.464
-116.467,33.462
-118.302,33.931
-121.244,36.63
-121.266,36.616
-116.614,32.099
-118.904,34.845
-121.301,36.677
-116.479,33.148
-116.482,33.15
-116.48,33.15
-116.478,33.147
-118.671,34.095
-116.475,33.143
-116.801,33.499
-118.393,36.001
-116.851,34.316
-117.593,34.032
-120.001,34.42
-116.074,33.114
-116.073,34.817
-121.062,36.449
-121.673,36.937
-117.491,33.741
-117.49,33.741
-117.423,36.913
-119.746,36.041
-117.342,33.653
-117.14,34.045
-117.851,36.18
-116.504,33.483
-121.277,36.679
-120.026,35.487
-120.871,35.559
-115.323,32.21
-116.029,33.178
-116.319,33.956
-117.569,36.233
-117.825,35.397
-116.805,33.492
-115.746,32.627
-119.734,33.82
-117.458,34.243
-117.424,34.138
-116.397,34.852
-118.544,35.392
-119.042,35.044
-116.322,33.921
-117.216,33.977
-116.298,33.38
-118.439,32.787
-118.445,32.798
-118.445,32.784
-116.78,34.016
-116.8,34.018
-115.919,33.048
-115.918,33.045
-115.921,33.041
-115.924,33.048
-115.919,33.043
-115.919,33.056
-115.929,33.045
-116.808,33.496
-116.323,33.924
-116.924,34.114
-115.627,33.135
-116.741,34.947
-117.541,32.607
-116.66,34.941
-116.659,34.942
-114.984,32.017
-115.761,35.899
-116.279,34.803
-117.585,34.011
-116.824,33.931
-117.019,34.004
-116.828,33.932
-116.803,33.477
-116.934,34.299
-117.752,32.384
-116.806,33.487
-116.215,33.898
-117.775,34.136
-117.771,34.135
-115.023,32.088
-116.806,33.488
-116.803,33.483
-116.899,34.436
-115.221,32.32
-117.31,34.102
-118.245,35.777
-115.184,32.348
-117.018,34.002
-117.017,34.001
-118.303,32.738
-121.427,36.688
-118.0,36.068
-117.724,34.338
-116.804,33.49
-115.06,32.163
-116.967,33.796
-117.98,36.602
-118.303,35.488
-118.544,35.391
-120.641,36.076
-121.313,36.682
-121.305,36.674
-121.343,36.65
-118.067,36.148
-116.134,33.779
-115.24,32.384
-116.802,33.483
-116.805,33.485
-121.294,36.669
-115.636,33.157
-115.254,32.206
-115.251,32.233
-115.226,32.207
-115.232,32.215
-115.238,32.232
-120.159,36.09
-115.987,33.014
-116.804,33.491
-116.804,33.485
-117.078,35.73
-117.075,35.729
-116.734,35.957
-116.799,33.481
-120.396,34.851
-116.892,34.408
-116.808,33.5
-118.05,32.641
-116.059,33.121
-117.799,33.916
-115.608,33.182
-115.604,33.18
-115.644,33.163
-115.619,33.148
-115.52,32.948
-115.516,32.949
-115.753,32.875
-119.582,34.272
-116.892,34.408
-117.23,34.028
-117.871,35.365
-118.346,32.771
-115.099,32.268
-116.283,34.71
-116.286,34.708
-116.286,34.704
-116.831,33.705
-116.801,33.489
-118.535,35.286
-118.088,33.893
-116.747,33.226
-116.349,32.075
-115.999,33.126
-116.572,33.521
-117.685,36.068
-117.728,33.866
-120.412,35.864
-117.316,34.111
-115.255,32.204
-121.25,36.584
-118.545,35.391
-115.511,32.904
-116.42,33.315
-115.056,32.112
-121.397,35.797
-115.055,32.113
-115.071,32.12
-119.304,33.819
-120.808,35.55
-116.067,33.213
-117.67,36.12
-117.671,36.119
-117.504,34.048
-117.097,33.84
-117.501,34.053
-116.823,33.956
-118.483,32.823
-118.503,32.838
-118.489,32.806
-117.505,34.047
-118.475,32.839
-118.845,35.406
-119.04,34.074
-116.674,33.94
-117.673,36.114
-117.505,34.05
-116.459,34.99
-115.226,32.279
-117.568,34.027
-118.937,35.051
-118.936,35.05
-117.504,35.708
-117.504,35.705
-117.567,35.644
-117.474,35.689
-117.437,35.694
-117.506,35.687
-117.574,35.734
-117.559,35.726
-117.477,35.711
-117.516,35.666
-117.457,35.676
-117.526,35.681
-117.552,35.746
-117.476,35.714
-117.596,35.623
-117.529,35.67
-117.666,35.717
-117.637,35.574
-117.493,35.688
-117.545,35.672
-117.571,35.725
-117.51,35.707
-117.502,35.695
-117.555,35.73
-117.474,35.681
-117.529,35.727
-117.584,35.605
-117.639,35.577
-117.559,35.73
-117.54,35.655
-117.535,35.746
-117.507,35.688
-117.487,35.698
-117.547,35.715
-117.537,35.735
-117.611,35.639
-117.546,35.745
-117.558,35.726
-117.561,35.729
-117.552,35.636
-117.525,35.705
-117.523,35.674
-117.508,35.702
-117.508,35.688
-117.591,35.598
-117.523,35.661
-117.61,35.599
-117.542,35.651
-117.636,35.569
-117.506,35.668
-117.477,35.711
-117.535,35.66
-117.561,35.67
-117.485,35.708
-117.52,35.669
-117.611,35.638
-117.525,35.664
-117.514,35.675
-117.552,35.745
-117.566,35.666
-117.597,35.601
-117.537,35.652
-117.511,35.676
-117.559,35.719
-117.485,35.676
-117.472,35.675
-117.515,35.688
-117.469,35.671
-117.496,35.682
-117.547,35.67
-117.561,35.728
-117.6,35.597
-117.48,35.675
-117.56,35.716
-117.554,35.709
-117.529,35.689
-117.551,35.711
-117.552,35.677
-117.556,35.709
-117.49,35.694
-117.539,35.655
-117.601,35.627
-117.479,35.672
-117.49,35.683
-117.556,35.71
-117.524,35.662
-115.18,32.187
-117.522,35.664
-117.489,35.699
-117.513,35.699
-117.484,35.7
-117.597,35.641
-117.478,35.703
-117.481,35.712
-117.483,35.69
-117.59,35.617
-117.518,35.67
-117.606,35.633
-117.513,35.677
-117.477,35.712
-117.564,35.746
-117.523,35.722
-117.471,35.673
-117.578,35.746
-117.525,35.662
-117.611,35.601
-117.568,35.748
-117.523,35.656
-117.618,35.772
-117.483,35.703
-117.508,35.695
-117.548,35.724
-117.523,35.658
-117.617,35.774
-117.546,35.64
-117.523,35.656
-117.619,35.773
-117.566,35.63
-117.522,35.655
-117.501,35.681
-117.555,35.722
-117.481,35.699
-117.478,35.706
-117.614,35.769
-117.572,35.623
-117.508,35.701
-117.565,35.725
-117.563,35.75
-117.478,35.688
-117.604,35.602
-117.502,35.704
-117.548,35.65
-117.503,35.664
-117.59,35.602
-117.575,35.76
-117.572,35.758
-117.584,35.755
-117.57,35.772
-117.584,35.763
-117.53,35.724
-117.571,35.772
-117.521,35.673
-117.564,35.752
-117.567,35.742
-117.484,35.7
-117.58,35.617
-117.615,35.793
-117.604,35.776
-117.562,35.728
-117.584,35.75
-117.553,35.725
-117.561,35.745
-117.599,35.77
-117.853,36.007
-117.738,35.95
-117.66,35.831
-117.505,35.542
-117.733,35.888
-117.729,35.922
-117.546,35.748
-117.427,35.617
-117.43,35.617
-117.737,35.891
-117.641,35.838
-117.678,35.861
-117.724,35.878
-117.516,35.569
-117.618,35.803
-117.72,35.888
-117.707,35.901
-117.727,35.902
-117.675,35.891
-117.57,35.87
-117.691,35.903
-117.671,35.861
-117.665,35.871
-117.478,35.654
-117.645,35.833
-117.437,35.614
-117.695,35.9
-117.65,35.888
-117.418,35.611
-117.726,35.914
-117.431,35.53
-117.658,35.873
-117.487,35.665
-117.698,35.889
-117.732,35.911
-117.66,35.841
-117.691,35.87
-117.722,35.903
-117.447,35.657
-117.653,35.866
-117.509,35.733
-117.712,35.903
-117.704,35.902
-117.682,35.87
-117.702,35.885
-117.358,35.557
-117.722,35.867
-117.704,35.907
-117.722,35.894
-117.485,35.66
-117.549,35.739
-117.698,35.888
-117.712,35.89
-117.653,35.871
-117.726,35.898
-117.415,35.599
-117.73,35.89
-117.716,35.903
-117.505,35.715
-117.486,35.624
-117.724,35.893
-117.561,35.726
-117.424,35.665
-117.699,35.872
-117.705,35.898
-117.588,35.766
-117.703,35.904
-117.725,35.893
-117.657,35.906
-117.396,35.581
-117.467,35.652
-117.556,35.705
-117.758,35.979
-117.445,35.614
-117.69,35.884
-117.558,35.718
-117.734,35.903
-117.544,35.663
-117.737,35.903
-117.527,35.733
-117.701,35.872
-117.501,35.659
-117.712,35.913
-117.605,35.785
-117.467,35.648
-117.552,35.717
-117.433,35.614
-117.743,35.902
-117.721,35.903
-117.703,35.913
-117.628,35.78
-117.672,35.878
-117.612,35.774
-117.436,35.64
-117.682,35.89
-117.722,35.892
-117.727,35.907
-117.705,35.907
-117.73,35.875
-117.561,35.758
-117.384,35.569
-117.685,35.866
-117.702,35.878
-117.694,35.886
-117.728,35.868
-117.728,35.913
-117.594,35.782
-117.694,35.906
-117.731,35.897
-117.719,35.919
-117.743,35.903
-117.728,35.883
-117.506,35.704
-117.721,35.911
-117.47,35.681
-117.45,35.657
-117.717,35.894
-117.744,35.902
-117.717,35.887
-117.749,35.901
-117.749,35.901
-117.69,35.903
-117.735,35.911
-117.722,36.0
-117.724,35.906
-117.385,35.557
-117.684,35.826
-117.444,35.616
-117.725,35.904
-117.738,35.894
-117.739,35.91
-117.7,35.904
-117.674,35.937
-117.707,35.896
-117.688,35.911
-117.678,35.889
-117.696,35.9
-117.603,35.751
-117.407,35.577
-117.742,35.927
-117.564,35.775
-117.711,35.87
-117.523,35.705
-117.681,35.903
-117.744,35.9
-117.725,35.917
-117.586,35.78
-117.438,35.63
-117.688,35.906
-117.68,35.835
-117.674,35.882
-117.481,35.669
-117.731,35.898
-117.708,35.87
-117.736,35.918
-117.715,35.914
-117.74,35.896
-117.7,35.891
-117.661,35.869
-117.691,35.885
-117.46,35.659
-117.477,35.637
-117.612,35.784
-117.684,35.91
-117.688,35.873
-117.724,35.893
-117.714,35.875
-117.739,35.894
-117.702,35.947
-117.732,35.882
-117.38,35.55
-117.668,35.837
-117.683,35.891
-117.524,35.694
-117.716,35.882
-117.71,35.917
-117.345,35.576
-117.729,35.893
-117.487,35.658
-117.657,35.829
-117.709,35.917
-117.738,35.874
-117.374,35.578
-117.359,35.598
-117.461,35.62
-117.522,35.555
-117.695,35.865
-117.718,35.91
-117.702,35.896
-117.581,35.74
-117.667,35.869
-117.683,35.888
-117.687,35.887
-117.547,35.678
-117.512,35.692
-117.4,35.635
-117.649,35.822
-117.675,35.835
-117.581,35.778
-117.695,35.925
-117.714,35.877
-117.693,35.9
-117.709,35.921
-117.692,35.879
-117.726,35.912
-117.49,35.678
-117.48,35.659
-117.723,35.887
-117.641,35.841
-117.689,35.909
-117.615,35.585
-117.727,35.891
-117.681,35.904
-117.403,35.604
-117.491,35.679
-117.507,35.709
-117.727,35.903
-117.689,35.887
-117.671,35.825
-117.626,35.812
-117.66,35.824
-117.482,35.666
-117.727,35.898
-117.538,35.694
-117.685,35.91
-117.618,35.785
-117.725,35.889
-117.717,35.885
-117.404,35.581
-117.71,35.898
-117.727,35.877
-117.709,35.925
-117.7,35.873
-117.624,35.797
-117.612,35.779
-117.555,35.717
-117.691,35.861
-117.745,35.913
-117.488,35.651
-117.719,35.889
-117.696,35.893
-117.429,35.636
-117.7,35.898
-117.549,35.674
-117.714,35.902
-117.713,35.887
-117.726,35.882
-117.731,35.895
-117.631,35.795
-117.689,35.865
-117.697,35.899
-117.7,35.894
-117.674,35.872
-117.511,35.683
-117.66,35.841
-117.396,35.566
-117.726,35.899
-117.734,35.894
-117.605,35.782
-117.714,35.92
-117.703,35.879
-117.662,35.828
-117.702,35.874
-117.74,35.897
-117.716,35.874
-117.535,35.675
-117.404,35.597
-117.725,35.897
-117.512,35.706
-117.707,35.869
-117.738,35.9
-117.745,35.91
-117.527,35.705
-117.665,35.827
-117.434,35.633
-117.534,35.686
-117.743,35.889
-117.71,35.89
-117.711,35.89
-117.666,35.837
-117.446,35.643
-117.715,35.88
-117.725,35.899
-117.691,35.887
-117.605,35.691
-117.549,35.697
-117.728,35.887
-117.579,35.623
-117.741,35.908
-117.724,35.905
-117.675,35.903
-117.552,35.754
-117.36,35.63
-117.659,35.829
-117.441,35.643
-117.73,35.882
-117.613,35.791
-117.729,35.892
-117.732,35.896
-117.708,35.897
-117.501,35.708
-117.711,35.923
-117.732,35.889
-117.695,35.877
-117.694,35.87
-117.735,35.897
-117.659,35.875
-117.528,35.592
-117.552,35.713
-117.566,35.741
-117.702,35.877
-117.655,35.876
-117.707,35.926
-117.433,35.632
-117.571,35.707
-117.704,35.881
-117.731,35.903
-117.547,35.71
-117.713,35.892
-117.696,35.886
-117.695,35.879
-117.698,35.881
-117.706,35.885
-117.733,35.916
-117.564,35.717
-117.464,35.68
-117.579,35.753
-117.711,35.917
-117.722,35.892
-117.661,35.876
-117.724,35.907
-117.559,35.751
-117.745,35.913
-117.736,35.912
-117.731,35.913
-117.734,35.891
-117.551,35.701
-117.549,35.746
-117.427,35.6
-117.691,35.88
-117.722,35.906
-117.706,35.895
-117.677,35.833
-117.561,35.733
-117.7,35.909
-117.72,35.903
-117.46,35.647
-117.674,35.856
-117.738,35.893
-117.525,35.562
-117.726,35.903
-117.659,35.85
-117.676,35.909
-117.453,35.646
-117.73,35.892
-117.385,35.549
-117.682,35.855
-117.72,35.895
-117.693,35.881
-117.691,35.859
-117.68,35.844
-117.668,35.886
-117.516,35.67
-117.715,35.879
-117.627,35.799
-117.678,35.888
-117.568,35.728
-117.653,35.855
-117.604,35.784
-117.419,35.559
-117.557,35.777
-117.714,35.895
-117.711,35.923
-117.669,35.9
-117.704,35.926
-117.553,35.709
-117.465,35.639
-117.455,35.631
-117.713,35.914
-117.403,35.606
-117.692,35.932
-117.675,35.869
-117.574,35.738
-117.347,35.553
-117.48,35.674
-117.739,35.911
-117.637,35.811
-117.68,35.896
-117.707,35.888
-117.632,35.834
-117.364,35.577
-117.421,35.623
-117.706,35.897
-117.375,35.581
-117.461,35.617
-117.47,35.673
-117.681,35.855
-117.689,35.88
-117.684,35.919
-117.656,35.82
-117.719,35.884
-117.51,35.709
-117.703,35.874
-117.531,35.707
-117.667,35.87
-117.439,35.639
-117.687,35.879
-117.654,35.896
-117.723,35.889
-117.721,35.843
-117.725,35.893
-117.697,35.873
-117.728,35.896
-117.638,35.804
-117.619,35.79
-117.647,35.866
-117.695,35.926
-117.484,35.687
-117.398,35.56
-117.495,35.672
-117.733,35.891
-117.481,35.687
-117.71,35.863
-117.549,35.676
-117.535,35.657
-117.558,35.744
-117.731,35.89
-117.731,35.889
-117.749,35.905
-117.72,35.946
-117.507,35.705
-117.748,35.924
-117.611,35.784
-117.685,35.907
-117.505,35.704
-117.712,35.935
-117.612,35.783
-117.416,35.63
-117.585,35.732
-117.479,35.66
-117.4,35.603
-117.557,35.704
-117.383,35.55
-117.63,35.803
-117.729,35.885
-117.558,35.705
-117.475,35.675
-117.501,35.67
-117.719,35.913
-117.388,35.569
-117.731,35.897
-117.41,35.632
-117.723,35.894
-117.491,35.639
-117.493,35.679
-117.71,35.922
-117.641,35.814
-117.51,35.702
-117.736,35.905
-117.586,35.677
-117.672,35.864
-117.388,35.602
-117.385,35.55
-117.368,35.568
-117.635,35.821
-117.473,35.673
-117.723,35.882
-117.722,35.875
-117.569,35.748
-117.853,36.063
-117.641,35.801
-117.584,35.618
-117.727,35.898
-117.717,35.887
-117.729,35.901
-117.729,35.923
-117.718,35.881
-117.715,35.888
-117.59,35.744
-117.732,35.91
-117.725,35.9
-117.68,35.956
-117.722,35.897
-117.721,35.875
-117.724,35.895
-117.713,35.887
-117.704,35.874
-117.628,35.801
-117.713,35.88
-117.721,35.894
-117.578,35.711
-117.702,35.953
-117.684,35.871
-117.71,35.883
-117.701,35.953
-117.637,35.787
-117.531,35.691
-117.592,35.727
-117.539,35.676
-117.726,35.904
-117.687,35.864
-117.613,35.786
-117.518,35.575
-117.693,35.891
-117.727,35.898
-117.55,35.688
-117.728,35.904
-117.455,35.649
-117.355,35.56
-117.697,35.883
-117.353,35.575
-117.55,35.671
-117.697,35.886
-117.712,35.989
-117.372,35.578
-117.733,35.888
-117.707,35.923
-117.709,35.865
-117.629,35.82
-117.621,35.795
-117.733,35.907
-117.466,35.646
-117.702,35.927
-117.668,35.835
-117.343,35.57
-117.734,35.895
-117.737,35.897
-117.66,35.824
-117.629,35.789
-117.597,35.778
-117.58,35.758
-117.592,35.816
-117.437,35.62
-117.656,35.903
-117.309,35.94
-117.672,35.857
-117.401,35.605
-117.73,35.901
-117.705,35.928
-117.708,35.921
-117.519,35.652
-117.487,35.676
-117.692,35.903
-117.686,35.864
-117.424,35.59
-117.475,35.616
-117.717,35.919
-117.705,35.868
-117.634,35.818
-117.427,35.633
-117.517,35.669
-117.724,35.883
-117.396,35.554
-117.563,35.652
-117.737,35.904
-117.667,35.847
-117.555,35.694
-117.704,35.879
-117.827,36.099
-117.698,35.877
-117.394,35.594
-117.545,35.686
-117.843,36.078
-117.413,35.61
-117.532,35.677
-117.523,35.571
-117.377,35.595
-117.877,36.118
-117.712,35.879
-117.275,35.962
-117.434,35.636
-117.359,35.569
-117.617,35.781
-117.717,35.872
-117.73,35.902
-117.712,35.917
-117.326,35.448
-117.397,35.598
-117.561,35.72
-117.738,35.907
-117.465,35.654
-117.566,35.718
-117.575,35.633
-117.673,35.898
-117.404,35.567
-117.678,35.902
-117.726,35.892
-117.686,35.862
-117.726,35.898
-117.634,35.812
-117.513,35.692
-117.603,35.721
-117.275,35.961
-117.673,35.898
-117.68,35.895
-117.486,35.696
-117.46,35.63
-117.456,35.635
-117.508,35.7
-117.591,35.778
-117.666,35.874
-117.847,36.028
-117.663,35.824
-117.661,35.822
-117.669,35.828
-117.451,35.651
-117.516,35.669
-117.734,35.913
-117.536,35.689
-117.562,35.76
-117.404,35.599
-117.467,35.603
-117.635,35.806
-117.596,35.749
-117.716,35.872
-117.698,35.849
-117.615,35.582
-117.527,35.694
-117.578,35.768
-117.524,35.666
-117.455,35.645
-117.439,35.617
-117.706,35.912
-117.644,35.781
-117.539,35.691
-117.644,35.824
-117.851,36.086
-117.384,35.555
-117.722,35.919
-117.493,35.681
-117.522,35.672
-117.703,35.931
-117.55,35.749
-117.496,35.719
-117.737,35.914
-117.468,35.658
-117.622,35.795
-117.594,35.758
-117.594,35.806
-117.351,35.567
-117.711,35.917
-117.484,35.645
-117.693,35.895
-117.421,35.646
-117.585,35.658
-117.711,35.914
-117.658,35.822
-117.702,35.87
-117.526,35.67
-117.697,35.895
-117.716,35.929
-117.733,35.888
-117.428,35.598
-117.472,35.655
-117.524,35.656
-117.7,35.939
-117.595,35.814
-117.605,35.777
-117.69,35.946
-117.529,35.683
-117.554,35.641
-117.414,35.546
-117.668,35.83
-117.385,35.559
-117.489,35.676
-117.664,35.83
-117.881,36.114
-117.698,35.904
-117.504,35.666
-117.388,35.611
-117.72,35.874
-117.544,35.677
-117.722,35.948
-117.71,35.875
-117.278,35.96
-117.567,35.73
-117.377,35.55
-117.874,36.157
-117.858,36.121
-117.462,35.654
-117.707,35.907
-117.437,35.626
-117.525,35.669
-117.57,35.715
-117.392,35.559
-117.487,35.659
-117.51,35.678
-117.431,35.623
-117.564,35.742
-117.5,35.667
-117.312,35.555
-117.564,35.74
-117.494,35.672
-117.312,35.927
-117.846,36.049
-117.429,35.628
-117.511,35.679
-117.845,36.133
-117.693,35.864
-117.455,35.923
-117.684,35.895
-117.672,35.899
-117.614,35.782
-117.868,36.025
-117.542,35.663
-117.686,35.88
-117.677,35.954
-117.543,35.684
-117.484,35.675
-117.487,35.68
-117.382,35.548
-117.363,35.575
-117.708,35.892
-117.494,35.702
-117.542,35.728
-117.719,35.902
-117.702,35.889
-117.847,36.057
-117.69,35.901
-117.449,35.643
-117.682,35.943
-117.849,36.056
-117.721,35.941
-117.497,35.663
-117.761,36.031
-117.686,35.865
-117.708,35.876
-117.857,36.05
-117.85,36.054
-117.532,35.724
-117.487,35.643
-117.557,35.767
-117.86,36.046
-117.681,35.88
-117.682,35.877
-117.513,35.67
-117.652,35.827
-117.882,36.166
-117.875,36.169
-117.854,36.055
-117.829,36.121
-117.921,35.347
-117.525,35.665
-117.521,35.573
-117.883,36.173
-117.886,36.171
-117.281,35.956
-117.44,35.618
-117.489,35.672
-117.881,36.175
-117.884,36.177
-117.876,36.154
-117.885,36.179
-117.717,35.885
-117.878,36.178
-117.724,36.046
-117.855,36.033
-117.721,35.941
-117.849,36.056
-117.848,36.059
-117.279,35.956
-117.28,35.954
-117.883,36.179
-117.884,36.179
-117.467,35.66
-117.705,35.895
-117.719,36.047
-117.717,36.047
-117.723,36.044
-117.377,35.942
-117.88,36.155
-117.421,35.618
-117.878,36.083
-117.38,35.94
-117.644,35.816
-117.877,36.157
-117.881,36.183
-117.884,36.182
-117.506,35.703
-117.48,35.959
-117.703,35.95
-117.386,35.54
-117.698,35.946
-117.373,35.945
-117.884,36.181
-117.704,35.868
-117.379,35.94
-117.724,35.888
-117.885,36.183
-117.374,35.548
-117.586,35.637
-117.597,35.629
-117.582,35.639
-117.522,35.685
-117.567,35.752
-117.374,35.942
-117.429,35.635
-117.694,35.928
-117.671,35.917
-117.417,35.608
-117.535,35.694
-117.38,35.524
-117.543,35.687
-117.696,35.936
-117.669,35.975
-117.668,35.978
-117.72,35.886
-117.894,36.195
-117.49,35.66
-117.913,35.336
-117.386,35.593
-117.579,35.764
-117.881,36.105
-117.381,35.594
-117.504,35.664
-117.6,35.618
-117.842,35.371
-117.851,36.056
-117.414,35.67
-117.692,35.906
-117.523,35.672
-117.506,35.678
-117.701,35.945
-117.701,35.868
-117.432,35.632
-117.675,35.852
-117.624,35.792
-117.372,35.599
-117.473,35.659
-117.412,35.986
-117.614,35.784
-117.516,35.678
-117.691,35.878
-117.435,35.621
-117.475,35.624
-117.884,36.116
-117.892,36.117
-117.887,36.119
-117.885,36.114
-117.885,36.118
-117.89,36.119
-117.684,35.856
-117.682,35.923
-117.472,35.682
-117.717,35.895
-117.72,35.894
-117.719,35.898
-117.461,35.65
-117.694,35.903
-117.838,36.116
-117.448,35.646
-117.841,35.372
-117.578,35.753
-117.456,35.616
-117.888,36.113
-117.885,36.114
-117.883,36.109
-117.882,36.114
-117.889,36.115
-117.892,36.106
-117.624,35.784
-117.466,35.65
-117.437,35.912
-116.257,33.31
-117.826,36.122
-117.849,36.074
-117.358,35.585
-117.575,35.624
-117.686,35.894
-117.842,36.109
-117.495,35.715
-116.575,33.453
-117.491,35.651
-117.684,35.883
-117.702,35.95
-116.255,33.311
-117.707,35.874
-117.407,35.603
-117.588,35.766
-115.339,32.317
-117.734,35.914
-117.465,35.672
-117.503,35.645
-117.475,35.607
-117.513,35.656
-117.542,35.697
-117.713,35.958
-116.045,33.997
-117.661,35.852
-117.557,35.744
-117.556,35.745
-117.427,35.625
-117.713,35.889
-120.347,35.791
-116.461,34.991
-117.605,35.607
-117.888,36.195
-117.689,35.964
-117.707,35.926
-117.695,35.935
-117.709,35.92
-117.453,35.645
-117.706,35.921
-117.7,35.935
-117.367,35.534
-117.474,35.637
-118.079,36.213
-117.408,35.996
-117.735,35.843
-117.635,35.823
-117.692,35.926
-117.506,35.667
-118.346,36.318
-116.797,35.035
-117.712,35.955
-117.892,36.194
-117.616,35.782
-117.45,35.619
-117.364,36.049
-117.674,35.847
-117.499,35.651
-118.162,36.2
-117.539,35.676
-117.473,35.621
-117.452,35.645
-117.675,35.894
-117.675,35.893
-117.863,36.081
-117.399,35.959
-117.861,36.077
-117.43,35.635
-117.863,36.084
-117.709,35.92
-117.864,36.09
-117.865,36.078
-117.474,35.67
-117.468,35.67
-117.601,35.603
-117.413,35.517
-117.575,35.715
-116.752,34.013
-117.37,35.532
-117.489,35.683
-117.709,35.908
-117.706,35.905
-117.701,35.888
-117.704,35.9
-117.705,35.908
-117.706,35.911
-117.685,35.916
-117.535,35.66
-117.651,35.83
-117.257,35.914
-117.425,35.597
-117.581,35.872
-117.847,36.119
-117.975,36.137
-117.334,33.649
-117.414,35.516
-117.522,35.671
-117.588,35.702
-116.764,34.006
-117.852,36.112
-117.415,35.581
-117.27,33.594
-121.203,36.604
-118.172,33.546
-115.789,33.362
-115.788,33.36
-116.42,33.319
-117.45,35.542
-117.862,36.092
-117.861,36.09
-117.446,35.666
-117.318,35.936
-117.658,35.83
-117.737,35.841
-117.555,35.746
-117.593,35.744
-117.41,35.605
-121.274,36.649
-117.328,35.977
-117.588,35.778
-118.219,33.891
-116.63,33.893
-117.434,35.561
-117.7,35.897
-117.864,35.349
-116.743,33.228
-117.53,35.547
-117.978,36.57
-117.436,35.633
-117.445,35.615
-117.592,35.747
-119.29,34.274
-119.294,34.276
-119.29,34.266
-119.287,34.279
-119.29,34.274
-115.999,33.254
-116.727,33.916
-116.196,33.868
-116.197,33.869
-115.547,32.791
-115.539,32.776
-115.546,32.783
-117.406,35.604
-117.862,36.187
-117.866,36.186
-117.867,36.184
-115.653,33.161
-117.476,35.645
-116.458,33.5
-117.514,35.681
-117.549,32.944
-117.585,35.611
-117.353,35.566
-117.861,36.098
-117.391,34.875
-117.568,35.712
-117.874,33.93
-117.61,35.695
-117.434,35.558
-117.856,36.106
-118.314,33.548
-117.922,32.587
-117.522,35.675
-117.471,35.616
-117.527,35.67
-117.572,35.715
-120.353,35.807
-117.709,35.913
-117.705,35.909
-117.565,35.663
-117.449,35.651
-117.458,35.647
-119.158,32.924
-117.368,35.95
-117.594,35.769
-117.42,35.615
-117.876,33.927
-117.69,33.811
-119.228,33.917
-117.616,35.793
-117.548,35.676
-115.213,32.366
-117.483,35.645
-117.432,35.617
-118.486,34.3
-115.25,32.413
-116.97,35.097
-116.968,35.095
-116.941,34.995
-119.008,35.436
-115.236,32.391
-116.817,33.577
-116.967,35.095
-116.602,35.827
-116.359,32.06
-118.128,36.208
-118.137,36.808
-117.473,35.627
-118.635,34.508
-117.53,35.67
-117.463,35.679
-119.36,33.873
-117.816,35.355
-117.677,35.847
-115.452,32.8
-117.7,35.896
-115.114,32.145
-120.617,36.5
-117.864,36.111
-117.862,36.114
-117.862,36.111
-115.992,32.863
-117.364,35.955
-117.523,35.663
-117.363,35.956
-117.394,35.596
-116.506,33.489
-116.505,33.493
-116.49,33.48
-116.515,33.495
-116.519,33.501
-118.499,35.01
-116.519,33.491
-116.512,33.492
-116.528,33.504
-116.496,33.496
-115.908,33.577
-117.519,35.677
-116.525,33.498
-116.524,33.501
-116.523,33.498
-116.532,33.507
-116.425,32.355
-117.427,35.674
-117.847,36.111
-117.361,36.0
-117.362,36.0
-119.427,34.481
-118.35,33.989
-117.496,35.674
-115.431,32.755
-118.609,34.262
-115.616,33.184
-116.02,33.018
-116.504,33.498
-116.023,33.012
-116.017,32.867
-116.521,33.499
-117.419,35.596
-118.272,32.423
-117.923,36.151
-117.335,35.956
-117.683,35.878
-115.218,32.407
-117.497,35.703
-117.717,35.871
-117.716,35.871
-115.769,32.712
-118.965,35.385
-117.184,35.23
-117.984,36.145
-117.983,36.147
-117.428,35.615
-117.424,35.624
-117.421,35.625
-117.41,35.607
-117.98,36.15
-117.412,35.622
-117.421,35.631
-117.408,35.606
-117.423,35.646
-121.659,36.937
-116.003,33.162
-117.984,36.148
-117.418,35.638
-117.682,35.835
-117.705,35.903
-117.807,36.043
-119.389,34.58
-116.43,34.254
-117.984,36.447
-117.99,36.455
-117.978,36.45
-117.983,36.447
-117.983,36.445
-117.981,36.459
-117.975,36.447
-117.939,36.457
-117.931,36.456
-117.952,36.439
-117.968,36.481
-117.974,36.484
-117.933,36.438
-117.972,36.48
-117.974,36.481
-117.971,36.484
-117.96,36.44
-117.99,36.448
-116.431,33.447
-117.975,36.444
-117.992,36.445
-117.978,36.445
-117.984,36.442
-115.695,33.234
-117.976,36.483
-115.24,32.225
-116.227,32.865
-116.638,34.606
-116.371,33.346
-117.987,36.454
-116.008,33.019
-119.038,34.932
-121.344,36.663
-117.989,36.448
-117.96,36.445
-120.765,36.187
-118.438,34.302
-118.437,34.3
-118.436,34.294
-117.834,33.866
-115.637,33.146
-115.695,33.251
-115.69,33.247
-115.686,33.244
-115.685,33.255
-115.688,33.25
-115.694,33.232
-115.699,33.227
-115.695,33.228
-115.692,33.23
-115.69,33.265
-115.675,33.251
-115.684,33.265
-115.64,33.145
-115.702,33.227
-115.994,33.269
-117.025,35.959
-117.514,36.479
-117.46,35.644
-117.641,35.821
-115.689,32.567
-117.773,36.038
-117.962,36.466
-116.854,34.088
-117.465,35.673
-120.062,34.564
-117.995,36.441
-117.992,36.434
-117.993,36.438
-117.992,36.442
-118.08,34.038
-117.436,33.701
-117.654,34.203
-117.487,35.653
-116.394,33.949
-116.395,33.947
-115.588,33.044
-115.59,33.045
-115.59,33.044
-115.597,33.048
-115.591,33.048
-115.596,33.053
-115.591,33.051
-115.593,33.054
-115.585,33.042
-115.585,33.049
-115.591,33.055
-115.552,33.041
-115.591,33.048
-115.6,33.028
-115.589,33.044
-115.587,33.033
-115.586,33.05
-115.594,33.038
-115.591,33.041
-115.598,33.071
-115.578,33.024
-115.593,33.059
-115.59,33.048
-115.577,33.046
-115.589,33.056
-115.587,33.043
-115.593,33.065
-115.591,33.05
-115.6,33.056
-115.585,33.043
-115.599,33.056
-115.593,33.044
-115.66,33.035
-115.593,33.047
-115.584,33.041
-115.584,33.049
-115.586,33.042
-115.603,33.069
-115.588,33.062
-115.587,33.067
-115.612,33.015
-115.593,33.079
-115.599,33.071
-115.617,33.063
-115.597,33.066
-115.575,33.052
-115.594,33.041
-115.607,33.048
-115.591,33.065
-115.598,33.072
-115.588,33.077
-115.593,33.061
-115.6,33.071
-115.576,33.065
-115.572,33.063
-115.578,33.067
-115.577,33.063
-115.577,33.063
-115.569,33.074
-115.579,33.065
-115.582,33.059
-115.575,33.066
-115.571,33.068
-115.573,33.069
-115.572,33.06
-117.548,35.643
-117.428,35.66
-115.586,33.022
-115.578,33.041
-116.827,34.354
-121.542,36.025
-115.178,32.465
-115.251,32.396
-116.34,34.862
-116.338,34.867
-116.29,33.005
-118.403,35.501
-116.342,34.863
-115.585,33.2
-116.339,34.86
-118.508,35.339
-117.682,35.979
-120.005,34.407
-117.233,34.043
-117.724,35.888
-116.722,34.071
-116.34,34.862
-118.827,35.081
-117.963,34.464
-115.605,33.174
-117.553,35.713
-117.468,35.651
-116.931,33.421
-117.29,32.592
-116.669,33.237
-117.701,35.883
-115.584,33.045
-115.391,32.337
-115.379,32.336
-115.921,33.747
-118.288,35.489
-115.165,32.438
